0.61879477 0.59162363 0.88868359 0.8916548 0.45756748 0.77818808 0.26706377 0.99610621 0.54009489 0.53752161 0.40099938 0.70540579 0.40518559 0.94999075 0.03075388
0.13602495 0.08297726 0.42352224 0.23449723 0.74743526 0.65177865 0.68998682 0.16413419 0.87642114 0.44733314 0.57871104 0.52377835 0.62689056 0.34869427 0.26209748
0.08297726 0.1794057 0.82999425 0.98759822 0.11326099 0.63846415 0.73056694 0.88321124 0.52721004 0.66487673 0.74209309 0.94083846 0.70123128 0.29534353 0.76134369
0.42352224 0.82999425 0.89519067 0.33082813 0.86108824 0.76897859 0.61343376 0.43870907 0.91913538 0.76958966 0.51063556 0.04443249 0.57463611 0.31382006 0.41221713
0.23449723 0.98759822 0.33082813 0.73109303 0.74556052 0.64716325 0.77575353 0.64599254 0.16885816 0.4848548 0.53844248 0.99690349 0.23657074 0.04119088 0.46501519
0.74743526 0.11326099 0.86108824 0.74556052 0.81857486 0.73994342 0.07948837 0.75688276 0.13240193 0.48465576 0.20624753 0.02298276 0.54257873 0.6812323 0.35887468
0.65177865 0.63846415 0.76897859 0.64716325 0.73994342 0.3675513 0.91787687 0.75922703 0.48668067 0.4596789 0.5460933 0.38636502 0.46561311 0.90342363 0.97247107
0.68998682 0.73056694 0.61343376 0.77575353 0.07948837 0.91787687 0.94114372 0.59063763 0.10559292 0.82617141 0.18000013 0.84187989 0.26382142 0.50204147 0.17376298
0.16413419 0.88321124 0.43870907 0.64599254 0.75688276 0.75922703 0.59063763 0.75492901 0.9573464 0.79591912 0.273187 0.7634315 0.90931899 0.44266914 0.2494929
0.87642114 0.52721004 0.91913538 0.16885816 0.13240193 0.48668067 0.10559292 0.9573464 0.43050147 0.98265698 0.13754375 0.05027292 0.02996402 0.56801139 0.36103129
0.44733314 0.66487673 0.76958966 0.4848548 0.48465576 0.4596789 0.82617141 0.79591912 0.98265698 0.33642559 0.35693291 0.80656097 0.20979158 0.37304972 0.5077488
0.57871104 0.74209309 0.51063556 0.53844248 0.20624753 0.5460933 0.18000013 0.273187 0.13754375 0.35693291 0.12317096 0.81271971 0.35943092 0.48151924 0.31111397
0.52377835 0.94083846 0.04443249 0.99690349 0.02298276 0.38636502 0.84187989 0.7634315 0.05027292 0.80656097 0.81271971 0.88970015 0.47292216 0.67369577 0.68782772
0.62689056 0.70123128 0.57463611 0.23657074 0.54257873 0.46561311 0.26382142 0.90931899 0.02996402 0.20979158 0.35943092 0.47292216 0.06402505 0.4451173 0.1092397
0.34869427 0.29534353 0.31382006 0.04119088 0.6812323 0.90342363 0.50204147 0.44266914 0.56801139 0.37304972 0.48151924 0.67369577 0.4451173 0.50778589 0.22461254
0.26209748 0.76134369 0.41221713 0.46501519 0.35887468 0.97247107 0.17376298 0.2494929 0.36103129 0.5077488 0.31111397 0.68782772 0.1092397 0.22461254 0.09980091